# Time [h]			Btot [nT]	Br [nT]		Bt [nT]		Bn [nT]		Vtot [km/s]	Vr [km/s]	Vt [km/s]	Vn [km/s]	Np [cm-3]	Tp [K]		beta
2026-01-18T17:30:00	9.5976		8.5498		-4.3606		0.0200		667.3438	666.9837	-21.9171		0.3568		7.99		196269.62	0.59055275
2026-01-18T17:50:30	9.5358		8.4976		-4.3269		0.0187		667.3821	667.0377	-21.4341		0.2477		7.96		195814.14	0.59466276
2026-01-18T18:11:48	9.4723		8.4439		-4.2924		0.0175		667.4050	667.0767	-20.9303		0.1417		7.94		195342.18	0.59900939
2026-01-18T18:30:13	9.4179		8.3979		-4.2629		0.0165		667.4130	667.0983	-20.4939		0.0565		7.91		194935.81	0.60282751
2026-01-18T18:50:47	9.3580		8.3472		-4.2304		0.0155		667.4119	667.1119	-20.0074		-0.0312		7.88		194485.83	0.60713764
2026-01-18T19:10:17	9.3019		8.2998		-4.2000		0.0146		667.4033	667.1170	-19.5478		-0.1068		7.86		194063.88	0.61126429
2026-01-18T19:30:05	9.2459		8.2521		-4.1699		0.0137		667.3898	667.1169	-19.0835		-0.1706		7.84		193646.53	0.61550782
2026-01-18T19:50:03	9.1902		8.2048		-4.1401		0.0130		667.3785	667.1187	-18.6188		-0.2275		7.81		193234.31	0.61979339
2026-01-18T20:10:06	9.1351		8.1580		-4.1106		0.0123		667.3719	667.1248	-18.1561		-0.2779		7.79		192829.24	0.62409362
2026-01-18T20:30:05	9.0811		8.1121		-4.0818		0.0117		667.3716	667.1368	-17.6999		-0.3214		7.77		192435.19	0.62836493
2026-01-18T20:50:01	9.0281		8.0670		-4.0534		0.0111		667.3796	667.1565	-17.2505		-0.3585		7.74		192052.36	0.63260259
2026-01-18T21:10:05	8.9758		8.0225		-4.0255		0.0106		667.3972	667.1854	-16.8048		-0.3897		7.72		191678.12	0.63683341
2026-01-18T21:30:10	8.9243		7.9787		-3.9980		0.0102		667.4259	667.2251	-16.3657		-0.4150		7.70		191314.83	0.64102913
2026-01-18T21:50:03	8.8743		7.9361		-3.9712		0.0099		667.4664	667.2759	-15.9382		-0.4345		7.67		190966.56	0.64513898
2026-01-18T22:10:05	8.8248		7.8941		-3.9448		0.0096		667.5202	667.3397	-15.5159		-0.4487		7.65		190627.96	0.64922326
2026-01-18T22:30:06	8.7764		7.8529		-3.9189		0.0094		667.5879	667.4168	-15.1027		-0.4579		7.63		190302.02	0.65324339
2026-01-18T22:50:02	8.7292		7.8127		-3.8936		0.0093		667.6696	667.5076	-14.7003		-0.4623		7.60		189989.88	0.65718183
2026-01-18T23:10:16	8.6823		7.7728		-3.8685		0.0092		667.7677	667.6144	-14.3012		-0.4623		7.58		189685.80	0.66110858
2026-01-18T23:30:15	8.6369		7.7342		-3.8442		0.0091		667.8797	667.7345	-13.9170		-0.4581		7.55		189398.33	0.66491064
2026-01-18T23:50:06	8.5928		7.6968		-3.8205		0.0091		668.0059	667.8685	-13.5451		-0.4502		7.53		189125.21	0.66861052
2026-01-19T00:10:02	8.5495		7.6600		-3.7973		0.0092		668.1477	668.0175	-13.1818		-0.4387		7.50		188863.53	0.67224429
2026-01-19T00:30:20	8.5065		7.6234		-3.7741		0.0093		668.3073	668.1842	-12.8222		-0.4237		7.48		188609.77	0.67586003
2026-01-19T00:50:26	8.4649		7.5881		-3.7517		0.0095		668.4800	668.3634	-12.4768		-0.4059		7.45		188371.16	0.67935139
2026-01-19T01:10:07	8.4250		7.5542		-3.7302		0.0097		668.6629	668.5525	-12.1484		-0.3860		7.43		188149.15	0.68268846
2026-01-19T01:30:15	8.3852		7.5205		-3.7087		0.0099		668.8637	668.7591	-11.8225		-0.3632		7.40		187933.80	0.68601610
2026-01-19T01:50:15	8.3467		7.4878		-3.6879		0.0102		669.0755	668.9764	-11.5093		-0.3385		7.38		187731.65	0.68923099
2026-01-19T02:10:31	8.3089		7.4558		-3.6672		0.0105		669.3027	669.2088	-11.2059		-0.3117		7.35		187537.86	0.69235126
2026-01-19T02:30:26	8.2730		7.4256		-3.6474		0.0108		669.5368	669.4476	-10.9210		-0.2839		7.33		187358.36	0.69528560
2026-01-19T02:50:26	8.2378		7.3959		-3.6280		0.0112		669.7820	669.6973	-10.6432		-0.2547		7.30		187188.16	0.69815479
2026-01-19T03:10:26	8.2035		7.3669		-3.6091		0.0116		670.0363	669.9559	-10.3737		-0.2245		7.27		187027.63	0.70094804
2026-01-19T03:30:25	8.1701		7.3388		-3.5906		0.0120		670.2978	670.2215	-10.1127		-0.1936		7.25		186876.75	0.70365952
2026-01-19T03:50:17	8.1377		7.3115		-3.5727		0.0125		670.5648	670.4923	-9.8605		-0.1623		7.22		186735.17	0.70628719
2026-01-19T04:10:01	8.1063		7.2850		-3.5553		0.0129		670.8353	670.7663	-9.6171		-0.1309		7.20		186602.66	0.70882803
2026-01-19T04:30:15	8.0750		7.2586		-3.5380		0.0134		671.1173	671.0518	-9.3742		-0.0985		7.17		186474.47	0.71136848
2026-01-19T04:50:17	8.0447		7.2332		-3.5212		0.0138		671.3997	671.3374	-9.1403		-0.0665		7.15		186354.79	0.71381966
2026-01-19T05:10:03	8.0157		7.2087		-3.5051		0.0143		671.6804	671.6213	-8.9153		-0.0351		7.13		186243.17	0.71618138
2026-01-19T05:30:17	7.9867		7.1843		-3.4891		0.0148		671.9686	671.9124	-8.6910		-0.0033		7.10		186135.21	0.71854089
2026-01-19T05:50:11	7.9590		7.1609		-3.4737		0.0153		672.2520	672.1985	-8.4755		0.0276		7.08		186034.54	0.72081135
2026-01-19T06:10:31	7.9314		7.1377		-3.4584		0.0158		672.5401	672.4894	-8.2605		0.0585		7.06		185936.90	0.72307987
2026-01-19T06:30:28	7.9051		7.1155		-3.4438		0.0163		672.8206	672.7724	-8.0543		0.0881		7.03		185845.62	0.72525995
2026-01-19T06:50:48	7.8789		7.0935		-3.4293		0.0169		673.1034	673.0576	-7.8485		0.1176		7.01		185756.73	0.72743971
2026-01-19T07:10:37	7.8542		7.0726		-3.4156		0.0174		673.3748	673.3313	-7.6521		0.1455		6.99		185673.80	0.72952380
2026-01-19T07:30:28	7.8300		7.0523		-3.4022		0.0179		673.6419	673.6005	-7.4592		0.1726		6.97		185594.05	0.73157516
2026-01-19T07:50:21	7.8065		7.0324		-3.3892		0.0185		673.9038	673.8646	-7.2697		0.1987		6.95		185517.15	0.73359564
2026-01-19T08:10:17	7.7836		7.0131		-3.3764		0.0190		674.1603	674.1230	-7.0831		0.2240		6.93		185442.71	0.73558937
2026-01-19T08:30:18	7.7612		6.9943		-3.3640		0.0195		674.4109	674.3756	-6.8991		0.2484		6.91		185370.42	0.73755956
2026-01-19T08:50:24	7.7394		6.9759		-3.3520		0.0201		674.6546	674.6211	-6.7175		0.2718		6.89		185300.17	0.73951539
2026-01-19T09:10:37	7.7182		6.9579		-3.3404		0.0207		674.8863	674.8546	-6.5380		0.2936		6.88		185232.87	0.74148906
2026-01-19T09:30:06	7.6984		6.9411		-3.3296		0.0212		675.1022	675.0721	-6.3678		0.3137		6.86		185169.56	0.74336386
2026-01-19T09:50:34	7.6782		6.9239		-3.3186		0.0218		675.3211	675.2926	-6.1919		0.3338		6.85		185104.69	0.74530288
2026-01-19T10:10:20	7.6593		6.9079		-3.3083		0.0223		675.5249	675.4980	-6.0249		0.3524		6.83		185043.68	0.74714394
2026-01-19T10:30:15	7.6408		6.8922		-3.2982		0.0229		675.7231	675.6976	-5.8593		0.3703		6.82		184983.78	0.74896732
2026-01-19T10:50:19	7.6227		6.8769		-3.2883		0.0235		675.9159	675.8918	-5.6951		0.3875		6.80		184924.98	0.75077155
2026-01-19T11:10:34	7.6051		6.8620		-3.2787		0.0241		676.1035	676.0808	-5.5323		0.4040		6.79		184867.45	0.75255424
2026-01-19T11:30:06	7.5886		6.8480		-3.2697		0.0247		676.2784	676.2569	-5.3779		0.4192		6.78		184813.66	0.75423697
2026-01-19T11:50:43	7.5719		6.8338		-3.2605		0.0253		676.4568	676.4365	-5.2179		0.4344		6.77		184758.97	0.75596951
2026-01-19T12:10:36	7.5562		6.8206		-3.2520		0.0260		676.6235	676.6044	-5.0663		0.4485		6.75		184708.13	0.75759784
2026-01-19T12:30:40	7.5411		6.8078		-3.2436		0.0266		676.7869	676.7688	-4.9161		0.4620		6.74		184658.95	0.75919340
2026-01-19T12:50:00	7.5272		6.7960		-3.2362		0.0269		676.9421	676.9251	-4.7719		0.4765		6.73		184615.68	0.76065795
2026-01-19T13:10:26	7.5258		6.7908		-3.2438		0.0070		677.2562	677.2408	-4.5139		0.6040		6.74		184691.04	0.76217733
2026-01-19T13:30:08	7.9881		7.0170		-3.6870		-0.9889		684.4265	684.4150	-1.4975		3.6845		8.52		188297.43	0.87164415
2026-01-19T13:50:57	41.7129		13.2764		-13.8197		-37.0503		771.9960	771.4933	20.2287		19.1525		154.65		232756.39	0.71729341
2026-01-19T14:10:03	257.4471		43.0463		-57.1542		-247.3044		969.6378	968.8819	31.8189		21.2797		1355.57		312912.18	0.22189362
2026-01-19T14:30:17	297.2867		45.1818		-52.6006		-289.0868		1188.1998	1188.1503	-7.7051		-7.6355		1539.43		162336.81	0.09804009
2026-01-19T14:50:42	80.2208		18.6918		-5.4541		-77.8219		1349.9372	1349.8667	-6.6416		-12.0899		319.58		27590.12	0.04750438
2026-01-19T15:10:20	22.5717		12.1193		5.7372		-18.1574		1391.6675	1391.6582	3.0109		-4.1005		87.36		10529.00	0.06259777
2026-01-19T15:30:07	17.1891		11.4487		6.9399		-10.7811		1379.4197	1379.4111	4.6511		-1.4580		69.65		9424.05	0.07701921
2026-01-19T15:50:05	16.5594		11.3854		7.3137		-9.5444		1359.9212	1359.9126	4.6354		-1.4662		66.58		9352.28	0.07872943
2026-01-19T16:10:14	16.3200		11.3644		7.6187		-8.8966		1340.2504	1340.2417	4.4104		-1.9105		64.39		9379.23	0.07861699
2026-01-19T16:30:32	16.1273		11.3412		7.8951		-8.3148		1320.9745	1320.9659	4.1110		-2.4211		62.26		9446.98	0.07840213
2026-01-19T16:51:02	15.9528		11.3155		8.1456		-7.7525		1302.1312	1302.1224	3.7480		-2.9604		60.13		9550.71	0.07824588
2026-01-19T17:10:39	15.8039		11.2916		8.3610		-7.2358		1284.6258	1284.6167	3.3458		-3.4995		58.14		9681.00	0.07812812
2026-01-19T17:30:26	15.6731		11.2713		8.5553		-6.7388		1267.4975	1267.4877	2.8907		-4.0664		56.16		9840.17	0.07799980
2026-01-19T17:50:23	15.5607		11.2566		8.7288		-6.2635		1250.7378	1250.7269	2.3878		-4.6601		54.21		10025.13	0.07782077
2026-01-19T18:10:29	15.4651		11.2485		8.8811		-5.8110		1234.3363	1234.3236	1.8450		-5.2756		52.29		10231.57	0.07755453
2026-01-19T18:30:45	15.3833		11.2467		9.0111		-5.3811		1218.2809	1218.2660	1.2728		-5.9046		50.38		10453.84	0.07717073
2026-01-19T18:50:06	15.3143		11.2497		9.1122		-4.9939		1203.3773	1203.3595	0.7154		-6.5025		48.60		10672.86	0.07667797
2026-01-19T19:10:40	15.2450		11.2552		9.1937		-4.6047		1187.9531	1187.9318	0.1252		-7.1231		46.72		10906.03	0.07600869
2026-01-19T19:30:18	15.1768		11.2595		9.2451		-4.2526		1173.6145	1173.5893	-0.4212		-7.6900		44.94		11120.83	0.07522731
2026-01-19T19:50:05	15.1000		11.2590		9.2692		-3.9148		1159.5244	1159.4949	-0.9419		-8.2264		43.17		11320.00	0.07430485
2026-01-19T20:10:00	15.0098		11.2502		9.2651		-3.5895		1145.6652	1145.6311	-1.4254		-8.7247		41.41		11494.51	0.07325214
2026-01-19T20:30:04	14.9030		11.2305		9.2331		-3.2747		1132.0216	1131.9829	-1.8637		-9.1804		39.68		11636.48	0.07208505
2026-01-19T20:50:17	14.7783		11.1983		9.1749		-2.9691		1118.5810	1118.5376	-2.2524		-9.5926		38.00		11739.56	0.07082314
2026-01-19T21:10:38	14.6358		11.1530		9.0930		-2.6714		1105.3336	1105.2856	-2.5902		-9.9632		36.38		11799.25	0.06948753
2026-01-19T21:31:07	14.4772		11.0947		8.9906		-2.3808		1092.2729	1092.2205	-2.8790		-10.2969		34.85		11813.09	0.06809918
2026-01-19T21:50:36	14.3150		11.0286		8.8784		-2.1124		1080.1056	1080.0493	-3.1101		-10.5834		33.48		11783.63	0.06675710
2026-01-19T22:10:12	14.1434		10.9532		8.7546		-1.8498		1068.0997	1068.0395	-3.3053		-10.8476		32.21		11713.95	0.06539982
2026-01-19T22:31:06	13.9544		10.8647		8.6136		-1.5780		1055.5632	1055.4990	-3.4781		-11.1101		30.97		11599.78	0.06395986
2026-01-19T22:50:57	13.7718		10.7746		8.4740		-1.3273		1043.8901	1043.8221	-3.6143		-11.3469		29.89		11457.69	0.06260873
2026-01-19T23:10:57	13.5882		10.6796		8.3315		-1.0826		1032.3795	1032.3078	-3.7288		-11.5757		28.91		11285.17	0.06127417
2026-01-19T23:31:03	13.4060		10.5811		8.1882		-0.8442		1021.0322	1020.9568	-3.8254		-11.8000		28.03		11087.11	0.05996207
2026-01-19T23:50:05	13.2373		10.4863		8.0544		-0.6257		1010.5021	1010.4232	-3.9027		-12.0096		27.29		10882.04	0.05875167
2026-01-20T00:10:26	13.0627		10.3842		7.9146		-0.4002		999.4736	999.3908	-3.9730		-12.2330		26.57		10649.46	0.05749514
2026-01-20T00:30:55	12.8940		10.2817		7.7787		-0.1818		988.6100	988.5232	-4.0330		-12.4585		25.93		10407.05	0.05627232
2026-01-20T00:50:17	12.7414		10.1853		7.6552		0.0170		978.5365	978.4459	-4.0817		-12.6737		25.38		10174.68	0.05515548
2026-01-20T01:11:00	12.5866		10.0836		7.5295		0.2207		967.9937	967.8989	-4.1263		-12.9060		24.86		9928.18	0.05400867
2026-01-20T01:30:35	12.4481		9.9889		7.4171		0.4050		958.2217	958.1228	-4.1627		-13.1278		24.40		9700.82	0.05297109
2026-01-20T01:50:18	12.3168		9.8953		7.3107		0.5819		948.5955	948.4923	-4.1947		-13.3522		23.99		9481.83	0.05197869
2026-01-20T02:10:06	12.1926		9.8031		7.2107		0.7512		939.1146	939.0069	-4.2229		-13.5781		23.59		9274.72	0.05103695
2026-01-20T02:30:01	12.0755		9.7122		7.1174		0.9126		929.7782	929.6661	-4.2483		-13.8041		23.22		9082.66	0.05015179
2026-01-20T02:50:02	11.9651		9.6227		7.0307		1.0657		920.5856	920.4688	-4.2718		-14.0282		22.86		8908.50	0.04932977
2026-01-20T03:10:10	11.8609		9.5343		6.9508		1.2104		911.5353	911.4138	-4.2943		-14.2483		22.51		8754.76	0.04857761
2026-01-20T03:30:24	11.7625		9.4468		6.8775		1.3463		902.6258	902.4996	-4.3164		-14.4618		22.17		8623.59	0.04790211
2026-01-20T03:50:44	11.6690		9.3600		6.8107		1.4730		893.8552	893.7243	-4.3392		-14.6658		21.82		8516.78	0.04730974
2026-01-20T04:11:10	11.5796		9.2735		6.7498		1.5903		885.2210	885.0856	-4.3633		-14.8572		21.46		8435.82	0.04680644
2026-01-20T04:30:25	11.4987		9.1922		6.6980		1.6913		877.2481	877.1085	-4.3875		-15.0222		21.11		8384.38	0.04642001
2026-01-20T04:51:03	11.4145		9.1050		6.6475		1.7891		868.8706	868.7268	-4.4156		-15.1795		20.73		8356.36	0.04610286
2026-01-20T05:10:29	11.3365		9.0221		6.6044		1.8711		861.1324	860.9849	-4.4443		-15.3060		20.36		8355.64	0.04589713
2026-01-20T05:30:00	11.2583		8.9375		6.5646		1.9434		853.5029	853.3520	-4.4768		-15.4089		19.97		8379.79	0.04578307
2026-01-20T05:50:55	11.1738		8.8452		6.5251		2.0095		845.4807	845.3267	-4.5145		-15.4890		19.54		8432.81	0.04576114
2026-01-20T06:10:38	11.0926		8.7564		6.4904		2.0607		838.0649	837.9086	-4.5527		-15.5327		19.12		8507.67	0.04583263
2026-01-20T06:30:25	11.0087		8.6650		6.4572		2.1013		830.7473	830.5892	-4.5942		-15.5422		18.68		8606.21	0.04599062
2026-01-20T06:50:17	10.9217		8.5709		6.4250		2.1310		823.5247	823.3655	-4.6396		-15.5143		18.22		8727.64	0.04623122
2026-01-20T07:10:15	10.8309		8.4741		6.3935		2.1500		816.3942	816.2346	-4.6901		-15.4456		17.75		8870.97	0.04654932
2026-01-20T07:30:18	10.7364		8.3746		6.3623		2.1581		809.3536	809.1944	-4.7472		-15.3330		17.27		9035.09	0.04693865
2026-01-20T07:50:25	10.6383		8.2728		6.3314		2.1555		802.4014	802.2435	-4.8132		-15.1737		16.78		9218.78	0.04739184
2026-01-20T08:10:38	10.5369		8.1691		6.3009		2.1426		795.5373	795.3815	-4.8906		-14.9651		16.28		9420.81	0.04790057
2026-01-20T08:30:55	10.4331		8.0642		6.2709		2.1197		788.7626	788.6098	-4.9828		-14.7055		15.78		9639.85	0.04845558
2026-01-20T08:51:18	10.3275		7.9587		6.2417		2.0873		782.0714	781.9224	-5.0935		-14.3929		15.28		9874.97	0.04904779
2026-01-20T09:10:26	10.2284		7.8604		6.2158		2.0489		775.8975	775.7527	-5.2175		-14.0522		14.81		10108.26	0.04962586
2026-01-20T09:31:05	10.1227		7.7561		6.1898		1.9994		769.3578	769.2182	-5.3764		-13.6340		14.32		10372.38	0.05026317
2026-01-20T09:50:28	10.0256		7.6605		6.1679		1.9459		763.3254	763.1912	-5.5530		-13.1940		13.87		10631.58	0.05086621
2026-01-20T10:11:24	9.9247		7.5610		6.1474		1.8813		756.9417	756.8136	-5.7761		-12.6700		13.40		10922.43	0.05151187
2026-01-20T10:31:04	9.8345		7.4717		6.1317		1.8146		751.0617	750.9396	-6.0189		-12.1332		12.97		11205.69	0.05210584
2026-01-20T10:50:53	9.7491		7.3865		6.1196		1.7420		745.2614	745.1453	-6.2968		-11.5526		12.56		11500.00	0.05268406
2026-01-20T11:10:50	9.6694		7.3061		6.1114		1.6637		739.5453	739.4349	-6.6106		-10.9308		12.16		11805.01	0.05323991
2026-01-20T11:30:56	9.5959		7.2310		6.1072		1.5800		733.9173	733.8124	-6.9598		-10.2714		11.78		12120.32	0.05376763
2026-01-20T11:51:10	9.5290		7.1614		6.1069		1.4910		728.3805	728.2805	-7.3423		-9.5780		11.42		12445.47	0.05426240
2026-01-20T12:10:05	9.4731		7.1019		6.1101		1.4038		723.3235	723.2274	-7.7248		-8.9067		11.10		12756.46	0.05469433
2026-01-20T12:30:35	9.4195		7.0434		6.1168		1.3047		717.9688	717.8761	-8.1622		-8.1582		10.77		13100.41	0.05512535
2026-01-20T12:51:13	9.3724		6.9907		6.1262		1.2005		712.7073	712.6169	-8.6209		-7.3866		10.45		13452.51	0.05551382
2026-01-20T13:10:31	9.3343		6.9468		6.1370		1.0990		707.9039	707.8146	-9.0614		-6.6507		10.18		13786.53	0.05583618
2026-01-20T13:31:26	9.2991		6.9050		6.1502		0.9847		702.8185	702.7294	-9.5460		-5.8374		9.89		14153.75	0.05614288
2026-01-20T13:50:59	9.2719		6.8712		6.1637		0.8738		698.1766	698.0866	-10.0006		-5.0615		9.64		14501.98	0.05639205
2026-01-20T14:10:40	9.2499		6.8423		6.1780		0.7583		693.6118	693.5199	-10.4554		-4.2631		9.40		14857.86	0.05660996
2026-01-20T14:30:29	9.2332		6.8185		6.1929		0.6384		689.1245	689.0296	-10.9059		-3.4383		9.17		15222.60	0.05680084
2026-01-20T14:50:26	9.2221		6.8000		6.2083		0.5140		684.7157	684.6168	-11.3482		-2.5825		8.96		15598.01	0.05697040
2026-01-20T15:10:30	9.2167		6.7870		6.2238		0.3851		680.3876	680.2836	-11.7779		-1.6903		8.75		15986.65	0.05712599
2026-01-20T15:30:43	9.2175		6.7799		6.2395		0.2517		676.1430	676.0327	-12.1905		-0.7565		8.56		16392.16	0.05727703
2026-01-20T15:51:04	9.2247		6.7791		6.2550		0.1135		671.9859	671.8681	-12.5810		0.2236		8.38		16819.38	0.05743523
2026-01-20T16:11:34	9.2387		6.7851		6.2702		-0.0292		667.9215	667.7949	-12.9436		1.2537		8.21		17274.76	0.05761567
2026-01-20T16:30:36	9.2578		6.7967		6.2836		-0.1646		664.2565	664.1206	-13.2475		2.2511		8.06		17726.98	0.05782008
2026-01-20T16:51:22	9.2853		6.8164		6.2971		-0.3151		660.3864	660.2390	-13.5356		3.3837		7.91		18261.04	0.05810801
2026-01-20T17:10:41	9.3170		6.8412		6.3082		-0.4576		656.9129	656.7536	-13.7562		4.4772		7.78		18805.90	0.05846419
2026-01-20T17:30:07	9.3546		6.8726		6.3176		-0.6032		653.5424	653.3699	-13.9249		5.6151		7.66		19414.02	0.05894229
2026-01-20T17:51:19	9.4018		6.9139		6.3253		-0.7643		650.0180	649.8299	-14.0380		6.8938		7.54		20163.68	0.05964827
2026-01-20T18:11:02	9.4509		6.9585		6.3293		-0.9155		646.8937	646.6899	-14.0665		8.1097		7.44		20962.35	0.06053285
2026-01-20T18:30:54	9.5043		7.0090		6.3296		-1.0685		643.9069	643.6866	-14.0089		9.3497		7.34		21891.12	0.06171365
2026-01-20T18:50:54	9.5609		7.0646		6.3252		-1.2223		641.0732	640.8360	-13.8492		10.6002		7.26		22983.94	0.06328143
2026-01-20T19:11:03	9.6190		7.1241		6.3151		-1.3753		638.4116	638.1576	-13.5655		11.8426		7.18		24283.53	0.06535421
2026-01-20T19:31:22	9.6764		7.1863		6.2979		-1.5257		635.9453	635.6755	-13.1424		13.0535		7.11		25843.03	0.06807852
2026-01-20T19:50:06	9.7264		7.2441		6.2749		-1.6592		633.8799	633.5973	-12.6136		14.1110		7.06		27556.74	0.07130968
2026-01-20T20:10:42	9.7751		7.3060		6.2406		-1.7973		631.8722	631.5786	-11.8617		15.1759		7.01		29810.71	0.07586114
2026-01-20T20:31:28	9.8143		7.3643		6.1955		-1.9245		630.1610	629.8606	-10.9043		16.1106		6.98		32559.27	0.08178736
2026-01-20T20:50:39	9.8382		7.4119		6.1434		-2.0282		628.8947	628.5930	-9.8260		16.8173		6.96		35609.57	0.08876949
2026-01-20T21:11:45	9.8470		7.4544		6.0734		-2.1235		627.8957	627.5986	-8.4103		17.3839		6.95		39637.59	0.09856084
2026-01-20T21:31:14	9.8350		7.4816		5.9959		-2.1912		627.3814	627.0946	-6.8769		17.6802		6.97		44091.74	0.11008268
2026-01-20T21:50:52	9.7992		7.4943		5.9039		-2.2368		627.3017	627.0303	-5.1058		17.7310		6.99		49396.12	0.12471302
2026-01-20T22:10:39	9.7353		7.4894		5.7956		-2.2575		627.7024	627.4505	-3.0904		17.5095		7.04		55666.97	0.14326732
2026-01-20T22:30:35	9.6390		7.4640		5.6684		-2.2513		628.6197	628.3894	-0.8302		16.9940		7.09		63009.56	0.16674653
2026-01-20T22:50:41	9.5067		7.4159		5.5193		-2.2176		630.0747	629.8649	1.6648		16.1720		7.16		71471.72	0.19626896
2026-01-20T23:10:56	9.3364		7.3445		5.3450		-2.1584		632.0663	631.8722	4.3692		15.0429		7.23		80996.39	0.23292528
2026-01-20T23:31:22	9.1293		7.2509		5.1431		-2.0778		634.5697	634.3822	7.2389		13.6194		7.30		91478.49	0.27778554
2026-01-20T23:50:04	8.9127		7.1497		4.9350		-1.9909		637.2464	637.0541	9.9420		12.0906		7.35		101701.07	0.32636983
2026-01-21T00:10:47	8.6505		7.0259		4.6802		-1.8875		640.5642	640.3522	12.9560		10.1817		7.39		113498.10	0.38863631
2026-01-21T00:31:41	8.3737		6.8968		4.4007		-1.7850		644.1894	643.9415	15.9401		8.0739		7.40		125601.00	0.45953062
2026-01-21T00:50:48	8.1203		6.7825		4.1284		-1.7013		647.6766	647.3826	18.5613		6.0221		7.38		136605.82	0.52991981
2026-01-21T01:10:03	7.8760		6.6782		3.8424		-1.6340		651.2825	650.9312	21.0358		3.8755		7.33		147361.60	0.60342332
2026-01-21T01:31:23	7.6299		6.5827		3.5166		-1.5865		655.3247	654.9007	23.5251		1.4425		7.24		158622.51	0.68363210
2026-01-21T01:50:53	7.4364		6.5185		3.2153		-1.5719		659.0278	658.5327	25.5267		-0.7999		7.13		168024.93	0.75100620
2026-01-21T02:10:30	7.2777		6.4782		2.9128		-1.5853		662.7286	662.1615	27.2415		-3.0409		7.01		176267.02	0.80836067
2026-01-21T02:30:14	7.1563		6.4616		2.6115		-1.6246		666.4145	665.7780	28.6436		-5.2525		6.87		183141.09	0.85221330
2026-01-21T02:50:03	7.0713		6.4663		2.3125		-1.6860		670.0726	669.3724	29.7166		-7.4053		6.73		188628.64	0.88066784
2026-01-21T03:11:58	7.0156		6.4910		1.9863		-1.7724		674.0436	673.2835	30.5059		-9.6696		6.57		193104.37	0.89395057
2026-01-21T03:31:58	6.9935		6.5255		1.6921		-1.8610		677.5807	676.7781	30.8623		-11.5980		6.42		195819.94	0.89105474
2026-01-21T03:50:01	6.9911		6.5618		1.4296		-1.9427		680.6808	679.8515	30.8891		-13.1964		6.28		197233.86	0.87830774
2026-01-21T04:10:09	7.0013		6.6030		1.1412		-2.0291		684.0032	683.1585	30.5989		-14.7842		6.12		197757.57	0.85564848
2026-01-21T04:30:20	7.0183		6.6403		0.8574		-2.1042		687.1632	686.3189	29.9870		-16.1363		5.96		197298.46	0.82710086
2026-01-21T04:50:35	7.0352		6.6695		0.5800		-2.1621		690.1258	689.2979	29.0783		-17.2175		5.79		195995.41	0.79559152
2026-01-21T05:10:52	7.0463		6.6874		0.3107		-2.1982		692.8580	692.0617	27.9074		-17.9997		5.64		193997.86	0.76356668
2026-01-21T05:31:12	7.0473		6.6919		0.0513		-2.2093		695.3310	694.5797	26.5169		-18.4660		5.48		191460.25	0.73287967
2026-01-21T05:51:34	7.0357		6.6819		-0.1961		-2.1942		697.5205	696.8254	24.9560		-18.6127		5.34		188535.51	0.70480070
2026-01-21T06:11:59	7.0104		6.6576		-0.4300		-2.1533		699.4081	698.7771	23.2773		-18.4509		5.20		185369.11	0.68008682
2026-01-21T06:30:24	6.9764		6.6244		-0.6278		-2.0959		700.8375	700.2683	21.7096		-18.0624		5.09		182422.21	0.66101473
2026-01-21T06:50:55	6.9278		6.5766		-0.8324		-2.0124		702.1194	701.6203	19.9513		-17.3959		4.97		179145.73	0.64339528
2026-01-21T07:11:28	6.8704		6.5195		-1.0206		-1.9121		703.0767	702.6462	18.2198		-16.5280		4.87		175958.26	0.62938443
2026-01-21T07:30:00	6.8137		6.4624		-1.1759		-1.8113		703.6638	703.2919	16.7164		-15.6185		4.79		173226.01	0.61962485
2026-01-21T07:50:39	6.7478		6.3947		-1.3330		-1.6921		704.0200	703.7076	15.1351		-14.5150		4.71		170388.69	0.61162274
2026-01-21T08:11:22	6.6816		6.3250		-1.4748		-1.5694		704.0785	703.8189	13.6682		-13.3634		4.65		167789.60	0.60624638
2026-01-21T08:30:03	6.6234		6.2619		-1.5902		-1.4592		703.8926	703.6745	12.4568		-12.3231		4.61		165664.62	0.60335814
2026-01-21T08:50:52	6.5618		6.1929		-1.7059		-1.3398		703.4419	703.2631	11.2371		-11.1971		4.57		163539.64	0.60200803
2026-01-21T09:11:45	6.5044		6.1262		-1.8097		-1.2258		702.7589	702.6126	10.1496		-10.1292		4.55		161650.67	0.60229027
2026-01-21T09:30:35	6.4567		6.0685		-1.8941		-1.1289		701.9669	701.8448	9.2795		-9.2334		4.53		160135.56	0.60373432
2026-01-21T09:51:35	6.4081		6.0074		-1.9790		-1.0285		700.9139	700.8139	8.4259		-8.3203		4.53		158634.98	0.60647007
2026-01-21T10:10:31	6.3680		5.9551		-2.0484		-0.9447		699.8295	699.7456	7.7516		-7.5758		4.53		157427.97	0.60981899
2026-01-21T10:31:38	6.3271		5.8997		-2.1185		-0.8587		698.4935	698.4240	7.0969		-6.8338		4.54		156222.23	0.61440245
2026-01-21T10:50:41	6.2931		5.8522		-2.1760		-0.7873		697.1886	697.1296	6.5843		-6.2392		4.56		155239.10	0.61922367
2026-01-21T11:11:55	6.2579		5.8017		-2.2343		-0.7143		695.6412	695.5915	6.0910		-5.6539		4.58		154239.47	0.62528175
2026-01-21T11:31:05	6.2282		5.7579		-2.2824		-0.6535		694.1724	694.1296	5.7083		-5.1886		4.60		153407.34	0.63131951
2026-01-21T11:50:18	6.1998		5.7156		-2.3265		-0.5971		692.6411	692.6038	5.3776		-4.7754		4.63		152626.12	0.63788142
2026-01-21T12:11:43	6.1695		5.6699		-2.3715		-0.5388		690.8760	690.8436	5.0649		-4.3703		4.67		151804.88	0.64576157
2026-01-21T12:31:03	6.1430		5.6299		-2.4084		-0.4898		689.2368	689.2080	4.8278		-4.0482		4.71		151098.14	0.65336964
2026-01-21T12:50:26	6.1170		5.5906		-2.4424		-0.4437		687.5553	687.5294	4.6285		-3.7610		4.75		150414.49	0.66145816
2026-01-21T13:12:01	6.0884		5.5478		-2.4767		-0.3955		685.6471	685.6239	4.4477		-3.4779		4.79		149676.48	0.67098217
2026-01-21T13:31:25	6.0630		5.5100		-2.5048		-0.3546		683.9008	683.8794	4.3183		-3.2514		4.84		149027.58	0.68001855
2026-01-21T13:50:50	6.0376		5.4727		-2.5303		-0.3157		682.1290	682.1092	4.2175		-3.0479		4.89		148388.84	0.68949896
2026-01-21T14:10:17	6.0122		5.4359		-2.5535		-0.2786		680.3323	680.3137	4.1426		-2.8641		4.94		147756.86	0.69943466
2026-01-21T14:31:58	5.9838		5.3953		-2.5768		-0.2391		678.3085	678.2909	4.0872		-2.6801		4.99		147059.89	0.71101654
2026-01-21T14:51:31	5.9580		5.3590		-2.5955		-0.2049		676.4638	676.4468	4.0605		-2.5306		5.05		146435.69	0.72193553
2026-01-21T15:11:08	5.9321		5.3231		-2.6124		-0.1720		674.5996	674.5831	4.0537		-2.3950		5.10		145813.82	0.73332271
2026-01-21T15:30:47	5.9059		5.2874		-2.6274		-0.1401		672.7205	672.7044	4.0653		-2.2719		5.16		145197.75	0.74522107
2026-01-21T15:50:29	5.8796		5.2520		-2.6408		-0.1093		670.8276	670.8116	4.0938		-2.1607		5.22		144584.44	0.75759124
2026-01-21T16:10:13	5.8531		5.2169		-2.6526		-0.0794		668.9224	668.9065	4.1377		-2.0609		5.29		143973.71	0.77042840
2026-01-21T16:32:10	5.8235		5.1782		-2.6639		-0.0472		666.7938	666.7776	4.2030		-1.9629		5.36		143298.70	0.78524100
2026-01-21T16:51:57	5.7967		5.1437		-2.6727		-0.0191		664.8697	664.8533	4.2752		-1.8860		5.43		142695.08	0.79906485
2026-01-21T17:11:45	5.7699		5.1096		-2.6802		0.0081		662.9395	662.9227	4.3590		-1.8198		5.50		142095.83	0.81335653
2026-01-21T17:31:34	5.7430		5.0758		-2.6865		0.0347		661.0055	660.9882	4.4531		-1.7640		5.57		141501.73	0.82811420
